#	First	year	2013 Updated with Chilean Data, revised catches, Chinese CPUE, EU CPUE, 
1970																																											
#	Last	year																																									
2014																																											
#	First	age	(changed	to	1	yrs	old!)																																				
1																																											
#	Last	age																																									
12																																											
#	numbers	of	length	intervals																																							
41																																											
#Length	bin																																										
10	11	12	13	14	15	16	17	18	19	20	21	22	23	24	25	26	27	28	29	30	31	32	33	34	35	36	37	38	39	40	41	42	43	44	45	46	47	48	49	50			
#	Number	of	fisheries																																								
3																																											
#	Names	of	fisheries	N_Chile	SC_Chile_PS	FarNorth	Offshore_Trawl																																				
N_Chile%SC_Chile_PS%Offshore_Trawl																																											
#	Catch	biomass	by	fishery																																							
#1970	1971	1972	1973	1974	1975	1976	1977	1978	1979	1980	1981	1982	1983	1984	1985	1986	1987	1988	1989	1990	1991	1992	1993	1994	1995	1996	1997	1998	1999	2000	2001	2002	2003	2004	2005	2006	2007	2008	2009	2010	2011	2012	2013
101.69	143.45	64.46	83.2	164.76	207.33	257.7	226.23	398.41	344.05	288.81	474.82	789.91	301.93	727	511.15	55.21	313.31	325.46	338.6	323.09	346.25	304.24	379.47	222.25	230.18	278.44	104.2	30.27	55.65	118.73	248.1	108.73	143.28	158.66	165.63	155.26	172.7	167.26	134.02	169.01	30.83	13.26	16.36	30.34
10.31	14.99	22.55	38.39	28.75	53.88	84.57	114.57	188.27	253.46	273.45	586.09	704.77	563.34	699.3	945.84	1129.11	1456.73	1812.79	2051.52	2148.79	2674.27	2907.82	2856.78	3819.19	4174.02	3604.89	2812.87	1582.64	1164.04	1115.57	1401.84	1410.27	1278.02	1292.94	1264.81	1224.69	1130.08	728.85	700.91	295.8	216.47	214.2	215	240.79
0	0	5.5	0	0	0	0.04	2.27	51.29	370.29	339.8	438.12	733.2	894.3	1059.93	799.32	837.5	863.42	863.22	875.82	872.06	543.66	37.93	0	0	0	0	0	0	0.01	2.32	20.09	76.26	158.2	295.44	243.58	362.63	438.83	406.99	371.92	239.59	60.89	39.92	41.18	58.95
#	Catch	biomass	uncertainty	(CV)																																							
0.05	0.05	0.05	0.05	0.05	0.05	0.05	0.05	0.05	0.05	0.05	0.05	0.05	0.05	0.05	0.05	0.05	0.05	0.05	0.05	0.05	0.05	0.05	0.05	0.05	0.05	0.05	0.05	0.05	0.05	0.05	0.05	0.05	0.05	0.05	0.05	0.05	0.05	0.05	0.05	0.05	0.05	0.05	0.05	0.05
0.05	0.05	0.05	0.05	0.05	0.05	0.05	0.05	0.05	0.05	0.05	0.05	0.05	0.05	0.05	0.05	0.05	0.05	0.05	0.05	0.05	0.05	0.05	0.05	0.05	0.05	0.05	0.05	0.05	0.05	0.05	0.05	0.05	0.05	0.05	0.05	0.05	0.05	0.05	0.05	0.05	0.05	0.05	0.05	0.05
0.05	0.05	0.05	0.05	0.05	0.05	0.05	0.05	0.05	0.05	0.05	0.05	0.05	0.05	0.05	0.05	0.05	0.05	0.05	0.05	0.05	0.05	0.05	0.05	0.05	0.05	0.05	0.05	0.05	0.05	0.05	0.05	0.05	0.05	0.05	0.05	0.05	0.05	0.05	0.05	0.05	0.05	0.05	0.05	0.05
#	Number	Years	With	Fishery	age																																						
40
40
26																																											
#	Number	Years	With	Fishery	length																																						
0																																											
0																																											
0																																											
#	Fishery	Years	of	age	composition	data																																					
1975	1976	1977	1978	1979	1980	1981	1982	1983	1984	1985	1986	1987	1988	1989	1990	1991	1992	1993	1994	1995	1996	1997	1998	1999	2000	2001	2002	2003	2004	2005	2006	2007	2008	2009	2010	2011	2012	2013	2014				
1975	1976	1977	1978	1979	1980	1981	1982	1983	1984	1985	1986	1987	1988	1989	1990	1991	1992	1993	1994	1995	1996	1997	1998	1999	2000	2001	2002	2003	2004	2005	2006	2007	2008	2009	2010	2011	2012	2013	2014				
1979	1980	1981	1982	1983	1984	1985	1986	1987	1988	1989	1990	1991	2000	2001	2002	2003	2006	2007	2008	2009	2010	2011	2012	2013	2014																		
#	Fishery	Years	of	length	composition	data																																					
#	#	#	#	#	#	#	#	#	#	#	#	#	#	#	#	#	#	#	#	#	#	#	#	#	#	#	#	#	#	#	#	#	#	#									
#	#	#	#	#	#	#	#	#	#	#	#	#	#	#	#	#	#	#	#	#	#	#	#	#	#	#	#	#	#	#	#	#	#	#									
#	#	#	#	#	#	#	#	#	#	#	#	#	#	#	#																												
#	Fishery	age	composition	sample	size																																						
20	20	20	20	20	20	20	20	20	20	20	20	20	20	20	20	20	20	20	20	20	20	20	20	20	20	20	20	20	20	20	20	20	20	20	20	20	20	20	2.0				
50	50	50	50	50	50	50	50	50	50	50	50	50	50	50	50	50	50	50	50	50	50	50	50	50	50	50	50	50	50	50	50	50	50	50	50	50	50	50	5.0				
50	50	50	50	50	50	50	50	50	50	50	50	50	30	30	30	30	30	30	30	30	30	30	30	30	30																		
#	Fishery	length	composition	sample	size																																						
#	#	#	#	#	#	#	#	#	#	#	#	#	#	#	#	#	#	#	#	#	#	#	#	#	#	#	#	#	#	#	#	#	#	#									
#	#	#	#	#	#	#	#	#	#	#	#	#	#	#	#	#	#	#	#	#	#	#	#	#	#	#	#	#	#	#	#	#	#	#									
#	#	#	#	#	#	#	#	#	#	#	#	#	#	#	#																												
#	Fishery	1	age	composition	Northern	Chilean																																					
0	4073	13776	44143	60659	166146	171002	81053	29641	8253	4552	1070																																
0	27	1676	10342	62211	190616	229530	109553	17356	4612	104	0																																
122	12767	20036	48155	149760	239459	184136	68069	10018	155	0	0																																
0	5910	92821	171908	149947	99992	274829	227407	75025	11649	99	0																																
0	0	40320	104406	202313	247236	261704	212251	72124	7503	87	0																																
0	5663	19209	39611	120365	158767	188736	133955	25201	792	0	0																																
0	0	17592	107026	226852	272757	332572	167387	32014	4135	31	0																																
0	1674	29021	332623	362536	484944	639872	367034	127157	21795	225	0																																
0	102	1966	49812	151839	222327	205704	103468	21178	556	27	0																																
0	4148	232259	599923	284517	284809	377052	318705	67881	4009	0	0																																
0	886	53397	255301	400091	427340	252577	73876	12239	1256	0	0																																
4646	15143	14153	8069	9791	17324	26790	15727	6358	1078	0	0																																
940	69685	612169	638980	149771	36285	27361	8978	428	431	16	0																																
0	3652	130324	489772	452240	105585	5445	647	14	0	0	0																																
0	7901	4867	43820	326596	271953	55735	9161	2786	295	47	0																																
6262	77422	5668	27866	236685	412335	84292	8079	388	94	3	0																																
21	17154	218253	217953	121225	180648	259236	64615	5402	5551	1113	542																																
1787	30253	252037	142917	268721	274311	149879	60020	8877	790	39	0																																
2413	66476	1485903	597010	115335	99352	19235	7088	2161	730	123	77																																
431	139526	339253	101904	266129	131505	23152	3211	1618	68	0	0																																
2315	170501	345192	296965	146207	84328	17213	801	82	0	0	0																																
131844	269877	533140	572880	155446	30636	7068	63	68	0	0	0																																
191	26244	307207	204870	23575	694	72	0	0	0	0	0																																
0	3406	89297	37875	18933	5847	285	1	0	0	0	0																																
38	24289	319634	75711	15598	5394	392	7	0	0	0	0																																
57122	235887	136283	236690	110317	15424	39	0	0	0	0	0																																
1568	256795	1326138	491732	25070	1848	0	0	0	0	0	0																																
48483	98920	391463	176981	92150	18789	4497	276	26	0	0	0																																
7504	158188	604518	242543	53916	21616	9440	1894	295	0	0	0																																
747	17164	103070	464915	191312	7389	275	0	0	0	0	0																																
43804	324087	476065	193396	151443	43843	5150	0	0	0	0	0																																
27386	38392	390068	607711	68098	25256	8161	1256	49	0	0	0																																
681	93552	346671	475258	113550	27460	17712	7169	1191	165	165	66																																
14499	712726	359139	117862	138886	110359	12931	844	191	41	0	0																																
569	58921	250894	432581	34649	70639	3089	78	0	0	0	0																																
4	524298	57658	360130	140820	36448	9825	1044	506	146	0	0																																
20901	199846	94185	11650	3387	5921	383	0	0	0	0	0																																
2080455	6700598	8465934	34863481	4648381	106332	0	0	0	0	0	0																																
5232401	86320606	33345959	861630	357301	415201	245386	34652	14421	0	0	0																																	
3621810	55355737	597793	0	0	0	0	0	0	0	0	0																																	
#	Fishery	2	Central-Southern	Chile																																							
0	0	355	633	2259	7108	11305	10032	5551	1867	999	190																																
0	1272	364	353	1550	17545	45885	38920	18306	2707	37	0																																
1	223	462	5493	19717	34341	61594	47567	7128	684	70	4																																
0	595	4226	20574	70250	115605	96857	45404	12171	1330	0	0																																
0	20	13439	147552	206176	210012	208192	180490	120831	48163	4206	904																																
2152	3996	8314	128820	322829	356395	311998	166713	78325	17706	686	995																																
0	2419	8973	83655	392031	696981	627159	326988	99193	23220	3581	800																																
1324	4221	8889	118067	618244	826235	877968	626789	224844	57471	10391	13914																																
1624	98937	191076	314984	749070	1084641	1113032	548218	207964	30697	3760	1259																																
98	7977	190091	357918	447250	985396	1175198	851961	292315	38931	7977	394																																
53	889	39763	372792	621888	1131123	1405139	725890	182303	21926	2839	2111																																
7703	32892	50408	254334	720436	1125301	1563727	833125	141461	12640	1048	651																																
8538	240224	509673	459902	311739	907439	1929691	1290613	257500	39754	3890	922																																
442	23756	228313	1415721	1662909	665913	1203766	1215469	405628	50539	6623	114																																
0	5570	34610	283575	1634407	2293278	1376907	1070507	406813	64106	1490	0																																
248	5228	1826	31608	506751	1598666	2003162	1148443	668436	128313	8666	130																																
54	30081	134146	122717	56100	419889	1682863	1831750	982207	504943	158725	46297																																
0	0	71389	186534	321697	367160	405356	1258212	1072392	952609	406683	151907																																
0	11391	231606	759545	940331	854977	790767	758606	893719	721295	259075	41588																																
0	21702	87328	808441	1200387	1266242	802876	692317	1102792	853702	284938	26970																																
760	9375	365691	1727987	1350915	2318999	1687597	807698	562790	385464	170813	31602																																
3354	48674	835128	1041899	1421658	1327055	1172716	792734	374612	171145	70209	20378																																
7893	191472	1428562	2627586	1898630	906334	488229	377039	302621	132121	75881	42083																																
25251	242671	1516538	1864189	763106	345371	165969	178113	173183	79161	32019	13170																																
2407	190107	1825090	1676166	718361	267024	76733	34947	59069	54516	34827	28903																																
780	46357	597816	1633359	1015296	412689	115221	42928	47268	58944	37371	31373																																
3	32966	361663	970229	1270037	594890	184069	82580	61986	57150	47079	76019																																
3553	44875	395001	846794	853666	522140	191428	97160	80106	76745	63094	99435																																
5	16651	232038	908724	1101223	740572	303108	100321	77824	61641	37835	38325																																
0	1617	128611	449306	920244	917951	422033	156434	98973	58716	27757	30207																																
14398	15576	14953	145195	460828	1047649	518471	208577	141084	66743	28283	32878																																
401	4986	11959	82227	150385	390459	490794	255963	191215	127571	67970	60057																																
0	260	26043	250100	293211	206428	282545	280026	242885	165923	92414	86474																																
6542	23768	1806	6768	74663	237017	215953	168781	124776	104046	55045	100625																																
0	1581	43860	108580	22418	222409	250865	193736	120657	77999	55350	47561																																
0	1799	24389	176203	122711	59484	63728	38970	55112	40186	12155	13967																																
0	29	3626	55109	45036	121204	33101	20726	45281	16068	3724	4334																																
0	0	0	33833	151629	151544	85613	34624	20360	3061	842	834																																
2000	40778	12467295	101991694	162856221	181274927	78563279	14567793	2215252	980360	171018	459068																																	
0	0	9531574	40557271	89339609	56536654	33595902	5156324	290963	160488	90086	19865																																	
#	Fishery	3	(length)																																								
#	Fishery	4	Offshore	trawl																																							
0	0	49	1905	20679	69124	132249	157481	97437	40291	3780	904																																
0	3842	4615	38803	114107	173964	187248	122439	64819	17129	686	995																																
0	239	2919	18545	99141	229509	297020	208303	75791	19940	3221	800																																
0	2756	1078	9883	108378	299527	472354	395188	169863	45982	10106	13829																																
0	55448	99493	73750	253656	586485	753756	461208	181606	28049	3760	1259																																
0	2428	53471	168678	238212	433429	594472	526601	208110	26780	7176	394																																
0	539	20116	194707	339644	508644	556157	284185	96589	16896	2661	1840																																
0	27483	33424	143556	392093	486785	515762	300147	62152	6636	748	651																																
0	93104	107476	73668	162818	504537	709648	379588	79536	18316	2974	878																																
0	12902	89058	315639	346045	354066	517995	374576	129093	23035	5183	114																																
0	265	12357	100209	462408	557035	434806	304694	167223	35858	1293	0																																
0	536	316	10917	176551	590038	501485	265987	179336	56477	5452	130																																
0	3175	4982	9073	21237	176787	431464	247646	104900	57856	22617	9811																																
6306	137881	942618	1441303	899838	596871	366956	293198	252406	212107	124963	0																																
0	934657	9037192	17997686	17908922	8531161	2716624	1449259	1080466	634021	270044	0																																
4000081	5531716	67349731	140982758	70957813	30605657	9201408	4008110	2741518	1270299	355388	0																																
0	6341275	85745637	224217697	114492265	31203519	3066560	284648	12549	0	0	0																																
0	0	16612	4415462	52466764	147301785	115905775	38040648	20259323	11303820	4769559	0																																
0	0	78923	3543660	33450334	108484144	111754594	80023232	71533710	47261396	29658723	0																																
0	26553	107275	148191	4403828	44644663	117513820	100660545	62122541	40957740	22518714	0																																
0	1333996	1946600	2280073	746645	6406989	52406193	124204486	89674456	48539818	31530284	0																																
0	3782200	76966142	37427807	1275573	1121486	12670939	26986174	49866868	39441453	13471705	0																																
0	858	196980	1526682	1355508	2714187	1758017	1648247	3940873	2319730	903688	0																																
0	0	0	0	0	40	598	1601	18477	10000	3052	2932																																
0	1	1044	18799	21113	25626	16848	8282	3278	4366	1374	1040																																	
0	0	0	1326	18534	38572	28875	8395	2064	1421	570	159																																	
#	Fishery	1	LENGTH																																								
#	Fishery	2	LENGTH																																								
#	Fishery	3	LENGTH	(PERU	+ECUADOR)																																						
#	Fishery	4	LENGTH																																								
#	Fishery	1	wt-age	#	mean(Wt_1)	0.052																																					
0.05	0.089	0.129	0.189	0.248	0.313	0.396	0.488	0.584	0.728	0.88	1.115																																
0.05	0.089	0.129	0.189	0.248	0.313	0.396	0.488	0.584	0.728	0.88	1.115																																
0.05	0.089	0.129	0.189	0.248	0.313	0.396	0.488	0.584	0.728	0.88	1.115																																
0.05	0.089	0.129	0.189	0.248	0.313	0.396	0.488	0.584	0.728	0.88	1.115																																
0.05	0.089	0.129	0.189	0.248	0.313	0.396	0.488	0.584	0.728	0.88	1.115																																
0.05	0.089	0.129	0.189	0.248	0.313	0.396	0.488	0.584	0.728	0.88	1.115																																
0.05	0.089	0.129	0.189	0.248	0.313	0.396	0.488	0.584	0.728	0.88	1.115																																
0.05	0.089	0.129	0.189	0.248	0.313	0.396	0.488	0.584	0.728	0.88	1.115																																
0.05	0.105	0.124	0.163	0.204	0.314	0.369	0.405	0.434	0.453	0.59	1.115																																
0.05	0.108	0.163	0.179	0.217	0.274	0.37	0.42	0.474	0.629	0.633	1.115																																
0.05	0.069	0.118	0.21	0.256	0.324	0.41	0.451	0.511	0.998	0.88	1.115																																
0.05	0.094	0.139	0.214	0.269	0.331	0.412	0.481	0.58	0.661	1.112	1.115																																
0.071	0.093	0.168	0.202	0.248	0.305	0.356	0.411	0.446	0.471	0.719	1.115																																
0.084	0.099	0.119	0.221	0.264	0.314	0.377	0.429	0.475	0.528	0.54	1.115																																
0.05	0.164	0.186	0.217	0.273	0.345	0.394	0.437	0.497	0.568	0.786	1.115																																
0.05	0.167	0.173	0.224	0.271	0.34	0.401	0.465	0.536	0.582	0.726	1.115																																
0.096	0.099	0.143	0.222	0.289	0.332	0.418	0.497	0.55	0.869	0.88	1.115																																
0.092	0.121	0.146	0.189	0.233	0.336	0.427	0.477	0.513	0.65	0.803	1.115																																
0.05	0.11	0.167	0.197	0.23	0.298	0.472	0.545	0.586	0.6095	0.88	1.115	# had a stray sign here at age 9 so replaced it w/ neighbor average																															
0.05	0.123	0.167	0.23	0.27	0.31	0.379	0.491	0.541	0.569	0.713	1.115																																
0.069	0.099	0.16	0.248	0.29	0.338	0.409	0.533	0.651	0.677	0.756	1.115																																
0.049	0.121	0.143	0.201	0.277	0.366	0.408	0.478	0.637	0.72	0.794	0.883																																
0.069	0.092	0.127	0.201	0.268	0.3	0.373	0.444	0.512	0.595	0.681	0.786																																
0.021	0.116	0.152	0.205	0.298	0.364	0.422	0.489	0.528	0.596	0.774	0.889																																
0.059	0.097	0.107	0.235	0.291	0.33	0.387	0.459	0.565	0.748	0.798	0.898																																
0.069	0.101	0.137	0.186	0.263	0.321	0.357	0.434	0.561	0.668	0.88	1.115																																
0.067	0	0.14	0.17	0.229	0.295	0.367	0.507	0.657	0.639	0.88	1.115																																
0.029	0.063	0.125	0.177	0.246	0.357	0.503	0.615	0.584	0.728	0.88	1.115																																
0	0.082	0.104	0.195	0.249	0.29	0.39	0.475	0.634	0.728	0.88	1.115																																
0.071	0.074	0.089	0.147	0.27	0.315	0.446	0.722	0.584	0.728	0.88	1.115																																
0.043	0.054	0.138	0.191	0.225	0.251	0.372	0.488	0.584	0.728	0.88	1.115																																
0.066	0.093	0.112	0.133	0.204	0.286	0.421	0.488	0.584	0.728	0.88	1.115																																
0.029	0.059	0.092	0.172	0.238	0.327	0.398	0.416	0.628	0.728	0.88	1.115																																
0.036	0.082	0.102	0.141	0.227	0.309	0.416	0.464	0.534	0.728	0.88	1.115																																
0.037	0.078	0.164	0.186	0.203	0.257	0.342	0.488	0.584	0.728	0.88	1.115																																
0.029	0.076	0.111	0.175	0.222	0.268	0.281	0.488	0.584	0.728	0.88	1.115																																
0.032	0.074	0.114	0.132	0.204	0.374	0.442	0.506	0.606	0.728	0.88	1.115																																
0.087	0.075	0.122	0.158	0.222	0.296	0.404	0.514	0.614	0.723	0.723	1.115																																
0.042	0.047	0.066	0.187	0.243	0.291	0.388	0.563	0.616	0.748	0.88	1.115																																
0.015	0.047	0.106	0.138	0.239	0.285	0.335	0.526	0.584	0.728	0.88	1.115																																
0.013	0.048	0.101	0.172	0.233	0.301	0.397	0.493	0.639	0.772	0.88	1.115																																
0.019	0.065	0.095	0.167	0.276	0.314	0.398	0.488	0.584	0.728	0.88	1.115																																
0.016	0.048	0.088	0.202	0.235	0.269	0.396	0.488	0.584	0.728	0.88	1.115																																
0.038	0.052	0.069	0.151	0.255	0.43	0.495	0.664	0.525	0.687	0.821	1.086																																	
0.018	0.04	0.082	0.189	0.248	0.313	0.396	0.488	0.584	0.728	0.88	1.115																																	
#	Fishery	2wt-age																																									
0.052	0.093	0.131	0.178	0.262	0.294	0.34	0.396	0.549	0.738	0.984	1.093																																
0.052	0.093	0.131	0.178	0.262	0.294	0.34	0.396	0.549	0.738	0.984	1.093																																
0.052	0.093	0.131	0.178	0.262	0.294	0.34	0.396	0.549	0.738	0.984	1.093																																
0.052	0.093	0.131	0.178	0.262	0.294	0.34	0.396	0.549	0.738	0.984	1.093																																
0.052	0.093	0.131	0.178	0.262	0.294	0.34	0.396	0.549	0.738	0.984	1.093																																
0.052	0.093	0.131	0.178	0.262	0.294	0.34	0.396	0.549	0.738	0.984	1.093																																
0.052	0.078	0.155	0.214	0.275	0.336	0.394	0.472	0.632	0.714	0.898	1.538																																
0.055	0.092	0.109	0.236	0.275	0.314	0.375	0.456	0.521	0.732	0.651	1.137																																
0.052	0.084	0.104	0.147	0.211	0.327	0.394	0.449	0.514	0.583	0.631	1.538																																
0.052	0.108	0.16	0.199	0.241	0.301	0.388	0.466	0.588	0.871	1.265	1.972																																
0.026	0.06	0.132	0.231	0.272	0.35	0.447	0.519	0.716	0.82	1.073	1.854																																
0.052	0.095	0.149	0.242	0.294	0.34	0.407	0.503	0.637	0.765	1.184	1.9																																
0.055	0.085	0.166	0.207	0.269	0.323	0.378	0.472	0.536	0.644	0.987	1.185																																
0.07	0.099	0.122	0.23	0.273	0.32	0.374	0.461	0.596	0.709	1.196	1.769																																
0.035	0.135	0.154	0.185	0.266	0.33	0.383	0.449	0.577	0.685	1.012	1.846																																
0.058	0.148	0.181	0.223	0.27	0.339	0.398	0.473	0.573	0.796	1.376	1.647																																
0.073	0.075	0.172	0.247	0.286	0.346	0.427	0.518	0.64	0.844	1.351	2.11																																
0.076	0.117	0.14	0.191	0.27	0.357	0.434	0.503	0.577	0.689	1.089	1.979																																
0.1	0.124	0.159	0.197	0.233	0.342	0.444	0.512	0.588	0.75	1.012	1.372																																
0.052	0.103	0.22	0.241	0.278	0.339	0.467	0.585	0.702	0.779	0.88	1.538																																
0.064	0.091	0.153	0.264	0.309	0.373	0.461	0.582	0.694	0.835	0.97	1.598																																
0.037	0.106	0.132	0.186	0.271	0.381	0.451	0.542	0.667	0.787	0.901	1.053																																
0.063	0.083	0.118	0.177	0.239	0.275	0.409	0.524	0.594	0.709	0.851	1.046																																
0.011	0.089	0.121	0.181	0.246	0.32	0.408	0.579	0.719	0.853	0.965	1.174																																
0.041	0.084	0.112	0.224	0.27	0.336	0.462	0.643	0.808	0.868	1.058	1.421																																
0.07	0.098	0.145	0.192	0.27	0.34	0.429	0.577	0.807	0.965	1.115	1.367																																
0.061	0.092	0.151	0.191	0.28	0.352	0.524	0.683	0.945	1.216	1.426	1.477																																
0.104	0.106	0.146	0.201	0.26	0.355	0.495	0.683	0.884	1.088	1.467	1.647																																
0.084	0.128	0.138	0.178	0.248	0.34	0.545	0.806	1.035	1.246	1.412	1.655																																
0.09	0.109	0.134	0.174	0.25	0.331	0.465	0.742	1.021	1.258	1.376	1.776																																
0.043	0.064	0.163	0.196	0.255	0.346	0.466	0.756	0.999	1.141	1.228	1.563																																
0.066	0.098	0.122	0.179	0.258	0.325	0.461	0.614	0.828	1.074	1.36	1.671																																
0.031	0.074	0.13	0.2	0.257	0.329	0.445	0.645	0.883	1.102	1.321	1.649																																
0.036	0.086	0.117	0.186	0.245	0.307	0.4	0.564	0.768	1.005	1.209	1.537																																
0.034	0.08	0.158	0.193	0.247	0.307	0.387	0.528	0.7	0.897	1.087	1.541																																
0.029	0.075	0.113	0.196	0.259	0.318	0.399	0.517	0.641	0.767	0.918	1.296																																
0.033	0.076	0.116	0.141	0.261	0.35	0.419	0.516	0.631	0.752	0.924	1.263																																
0.086	0.074	0.121	0.172	0.226	0.331	0.431	0.51	0.621	0.756	0.903	1.177																																
0.036	0.048	0.069	0.186	0.254	0.312	0.416	0.515	0.605	0.719	0.861	1.148																																
0.014	0.045	0.109	0.142	0.253	0.33	0.411	0.532	0.625	0.764	0.886	1.144																																
0.014	0.052	0.101	0.175	0.237	0.313	0.415	0.539	0.649	0.787	0.964	1.473																																
0.019	0.067	0.101	0.19	0.287	0.353	0.466	0.613	0.774	0.923	1.173	1.514																																
0.007	0.014	0.082	0.202	0.264	0.353	0.476	0.558	0.711	0.912	1.146	1.6																																
0.054	0.158	0.251	0.26	0.318	0.385	0.45	0.553	0.705	0.829	1.117	1.977																																	
0.052	0.093	0.182	0.247	0.375	0.485	0.534	0.682	1.094	1.281	1.302	1.656																																	
#	Fishery	3	wt-age																																								
#	Fishery	4vwt-age																																									
0.052	0.093	0.131	0.178	0.262	0.294	0.34	0.396	0.549	0.738	0.984	1.093																																
0.052	0.093	0.131	0.178	0.262	0.294	0.34	0.396	0.549	0.738	0.984	1.093																																
0.052	0.093	0.131	0.178	0.262	0.294	0.34	0.396	0.549	0.738	0.984	1.093																																
0.052	0.093	0.131	0.178	0.262	0.294	0.34	0.396	0.549	0.738	0.984	1.093																																
0.052	0.093	0.131	0.178	0.262	0.294	0.34	0.396	0.549	0.738	0.984	1.093																																
0.052	0.093	0.131	0.178	0.262	0.294	0.34	0.396	0.549	0.738	0.984	1.093																																
0.052	0.078	0.155	0.214	0.275	0.336	0.394	0.472	0.632	0.714	0.898	1.538																																
0.055	0.092	0.109	0.236	0.275	0.314	0.375	0.456	0.521	0.732	0.651	1.137																																
0.052	0.084	0.104	0.147	0.211	0.327	0.394	0.449	0.514	0.583	0.631	1.538																																
0.052	0.108	0.16	0.199	0.241	0.301	0.388	0.466	0.588	0.871	1.265	1.972																																
0.026	0.06	0.132	0.231	0.272	0.35	0.447	0.519	0.716	0.82	1.073	1.854																																
0.052	0.095	0.149	0.242	0.294	0.34	0.407	0.503	0.637	0.765	1.184	1.9																																
0.055	0.085	0.166	0.207	0.269	0.323	0.378	0.472	0.536	0.644	0.987	1.185																																
0.07	0.099	0.122	0.23	0.273	0.32	0.374	0.461	0.596	0.709	1.196	1.769																																
0.035	0.135	0.154	0.185	0.266	0.33	0.383	0.449	0.577	0.685	1.012	1.846																																
0.058	0.148	0.181	0.223	0.27	0.339	0.398	0.473	0.573	0.796	1.376	1.647																																
0.073	0.075	0.172	0.247	0.286	0.346	0.427	0.518	0.64	0.844	1.351	2.11																																
0.076	0.117	0.14	0.191	0.27	0.357	0.434	0.503	0.577	0.689	1.089	1.979																																
0.1	0.124	0.159	0.197	0.233	0.342	0.444	0.512	0.588	0.75	1.012	1.372																																
0.052	0.103	0.22	0.241	0.278	0.339	0.467	0.585	0.702	0.779	0.88	1.538																																
0.064	0.091	0.153	0.264	0.309	0.373	0.461	0.582	0.694	0.835	0.97	1.598																																
0.037	0.106	0.132	0.186	0.271	0.381	0.451	0.542	0.667	0.787	0.901	1.053																																
0.063	0.083	0.118	0.177	0.239	0.275	0.409	0.524	0.594	0.709	0.851	1.046																																
0.011	0.089	0.121	0.181	0.246	0.32	0.408	0.579	0.719	0.853	0.965	1.174																																
0.041	0.084	0.112	0.224	0.27	0.336	0.462	0.643	0.808	0.868	1.058	1.421																																
0.07	0.098	0.145	0.192	0.27	0.34	0.429	0.577	0.807	0.965	1.115	1.367																																
0.061	0.092	0.151	0.191	0.28	0.352	0.524	0.683	0.945	1.216	1.426	1.477																																
0.104	0.106	0.146	0.201	0.26	0.355	0.495	0.683	0.884	1.088	1.467	1.647																																
0.084	0.128	0.138	0.178	0.248	0.34	0.545	0.806	1.035	1.246	1.412	1.655																																
0.09	0.109	0.134	0.174	0.25	0.331	0.465	0.742	1.021	1.258	1.376	1.776																																
0.043	0.064	0.163	0.196	0.255	0.346	0.466	0.756	0.999	1.141	1.228	1.563																																
0.066	0.098	0.122	0.179	0.258	0.325	0.461	0.614	0.828	1.074	1.36	1.671																																
0.031	0.074	0.13	0.2	0.257	0.329	0.445	0.645	0.883	1.102	1.321	1.649																																
0.036	0.086	0.117	0.186	0.245	0.307	0.4	0.564	0.768	1.005	1.209	1.537																																
0.034	0.08	0.158	0.193	0.247	0.307	0.387	0.528	0.7	0.897	1.087	1.541																																
0.029	0.075	0.113	0.196	0.259	0.318	0.399	0.517	0.641	0.767	0.918	1.296																																
0.033	0.076	0.116	0.141	0.261	0.35	0.419	0.516	0.631	0.752	0.924	1.263																																
0.086	0.074	0.121	0.172	0.226	0.331	0.431	0.51	0.621	0.756	0.903	1.177																																
0.036	0.048	0.069	0.186	0.254	0.312	0.416	0.515	0.605	0.719	0.861	1.148																																
0.014	0.045	0.109	0.142	0.253	0.33	0.411	0.532	0.625	0.764	0.886	1.144																																
0.014	0.052	0.101	0.175	0.237	0.313	0.415	0.539	0.649	0.787	0.964	1.473																																
0.019	0.067	0.101	0.19	0.287	0.353	0.466	0.613	0.774	0.923	1.173	1.514																																
0.007	0.014	0.082	0.202	0.264	0.353	0.476	0.558	0.711	0.912	1.146	1.6																																
0.052	0.125	0.268	0.263	0.31	0.362	0.431	0.507	0.678	0.726	0.936	1.143																																
0.026	0.068666667	0.150333333	0.218333333	0.287	0.356	0.457666667	0.559333333	0.721	0.853666667	1.085	1.419
#	Number	of	Indices																																								
7																																											
#	Names	of	indices	Chile_AcousCS	Chile_AcousN	Chile_CPUE	DEPM	Chinese_CPUE	EU_CPUE	USSR_CPUE																															
Chile_AcousCS%Chile_AcousN%Chile_CPUE%DEPM%Chinese_CPUE%EU_CPUE%USSR_CPUE																																											
#	Nobs	Indices																																									
13																																											
15																																											
32																																											
9																																											
13																																											
7																																											
8																																											
#	Index	years																																									
1997	1998	1999	2000	2001	2002	2003	2004	2005	2006	2007	2008	2009																															
1984	1985	1986	1987	1988	1991	2006	2007	2008	2009	2010	2011	2012	2013	2014	
1983	1984	1985	1986	1987	1988	1989	1990	1991	1992	1993	1994	1995	1996	1997	1998	1999	2000	2001	2002	2003	2004	2005	2006	2007	2008	2009	2010	2011	2012	2013	2014												
1999	2000	2001	2003	2004	2005	2006	2007	2008																																			
2001	2002	2003	2004	2005	2006	2007	2008	2009	2010	2011	2012	2013																															
2006	2007	2008	2009	2010	2011	2013																																					
1987	1988	1989	1990	1991	2008	2009	2011																																				
#	Month	Indices																																									
6																																											
11																																											
6																																											
10.5																																											
6																																											
6																																											
6																																											
#	Index	biomasses																																									
3530	3200	4100	5600	5950	3700	2640	2640	4110	3192	3140	487	328																															
99	324	123	213	134	242	112	275	259	18	440	432	230	144	87																													
0.7969	0.6995	0.5676	0.4907	0.5901	0.4932	0.5057	0.4014	0.4974	0.4188	0.3684	0.4408	0.3919	0.4082	0.3616	0.3466	0.4007	0.3815	0.4725	0.4158	0.3649	0.3967	0.3634	0.3975	0.3015	0.2042	0.1666	0.1199	0.0694	0.2166	0.1621	0.1354													
5724	4688	5627	1388	3287	1043	3283	626	1935																																			
1.4	1.97	1.74	1.44	1.44	1.02	1.13	0.86	0.81	0.57	0.33	0.37	0.58
310	308	256	209	124	57	81																																					
55.02	58.24	51.06	52.57	60.99	77.419	59.563	45.213																																				
#	Index	std	errors																																								
706	640	820	1120	1190	740	528	528	822	638.4	628	97.4	65.6																															
49.5	162	61.5	106.5	67	121	56	137.5	129.5	9	220	216	115	72	43.5																													
0.11953172	0.104929356	0.085141015	0.073599951	0.088511066	0.073976894	0.075862198	0.060216954	0.074603562	0.062817019	0.05525697	0.066116957	0.058784033	0.061231731	0.054240494	0.051991797	0.060103713	0.057230936	0.07087514	0.062369938	0.05473	0.059510311	0.054511118	0.059623807	0.045217539	0.030625711	0.024992159	0.017989346	0.010403506	0.032483051	0.024311903	0.020308891													
2862	2344	2813.5	694	1643.5	521.5	1641.5	313	967.5																																			
0.28	0.394	0.348	0.288	0.288	0.204	0.226	0.172	0.162	0.114	0.066	0.074	0.116
62	61.6	51.2	41.8	24.8	11.4	16.2																																					
22.008	23.296	20.424	21.028	24.396	30.968	23.825	18.085																																				
#	Number	of	Index	age	data																																						
13																																											
9																																											
0																																											
6																																											
0																																											
0																																											
0																																											
#	Number	of	Index	length	data																																						
0																																											
0																																											
0																																											
0																																											
0																																											
0																																											
0																																											
#	Index	age	years																																								
1997	1998	1999	2000	2001	2002	2003	2004	2005	2006	2007	2008	2009																															
2006	2007	2008	2009	2010	2011	2012	2013	2014																																			
#
2001	2003	2004	2005	2006	2008
#																																											
#																																											
#																																											
#	Index	age	composition	sample	sizes																																						
30	30	30	30	30	30	30	30	30	30	30	30	30																															
30	30	30	30	30	30	30	30	30																																			
#																																											
20	20	20	20	20	20																																						
#																																											
#																																											
#																																											
#	Index	age	comp	(Acoustic	Chile	CS)																																					
74	265	7857	8492	2422	668	131	115	128	75	76	95																																
3	119	10599	9851	912	236	142	241	166	24	4	6																																
0	365	5368	7891	1963	1014	377	194	500	357	212	63																																
0	0	2529	11296	7864	2787	567	113	42	20	16	20																																
0	280	6596	14354	7124	1792	428	241	177	103	44	7																																
0	1	498	2217	1833	2363	565	280	80	21	7	2																																
0	1	276	2132	3089	2343	680	200	156	115	54	41																																
0	0	120	662	1833	2277	1709	1128	910	893	320	62																																
0	0	0	1210	2670	5250	2377	701	320	64	82	188																																
0	0	0	12	1799	4266	2625	511	322	188	110	70																																
0	0	0	0	1	339	1113	1058	976	869	439	411																																
0	0	0	0	0	96	317	256	117	87	34	49																																
0	0	0	0	0	0	7	265	169	143	127	98																																
#	Index	age	comp	(Acoustic	Chile	North)																																					
116822	403538	272612	154651	21715	0	0	0	0	0	0	0																																	
273	69043	241335	755691	292140	19746	2980	0	0	0	0	0																																	
14998	1664458	1622848	41648	45795	16174	145	0	0	0	0	0																																	
0	54510	55714	20943	392	721	129	0	0	0	0	0																																	
0	10321	175262	1671927	401742	79272	20972	0	0	0	0	0																																	
0	764206	350733	1429044	103679	144140	37702	2300	0	0	0	0																																	
721	538523	63430	214664	307532	116579	9419	779	0	0	0	0																																	
83292	269344	16908	134710	128512	114395	29374	4131	0	0	0	0																																	
473762	1040247	14319	20965	5207	19510	12090	0	0	0	0	0																																	
#	Index	age	comp	MPH	(egg	production)																																					
0	3787	8944	9208	1436	700	420	401	182	58	14	9																																
0	54	529	837	336	563	398	400	219	84	35	6																																
0	122	1217	2801	1511	719	405	584	376	168	66	9																																
0	0	0	21	1115	718	485	336	136	94	57	0																																
0	0	6	216	1232	1892	1473	849	304	114	78	0																																
0	0	0	146	419	778	982	716	323	194	9	9																																
#	Index	age	comp																																								
#																																											
#	Index	wt-age	1	AcousCS																																							
0.0637	0.1273	0.1643	0.2067	0.2658	0.3581	0.43	0.5283	0.6355	0.7791	0.896	1.0215																																
0.0637	0.1273	0.1643	0.2067	0.2658	0.3581	0.43	0.5283	0.6355	0.7791	0.896	1.0215																																
0.0637	0.1273	0.1643	0.2067	0.2658	0.3581	0.43	0.5283	0.6355	0.7791	0.896	1.0215																																
0.0637	0.1273	0.1643	0.2067	0.2658	0.3581	0.43	0.5283	0.6355	0.7791	0.896	1.0215																																
0.0637	0.1273	0.1643	0.2067	0.2658	0.3581	0.43	0.5283	0.6355	0.7791	0.896	1.0215																																
0.0637	0.1273	0.1643	0.2067	0.2658	0.3581	0.43	0.5283	0.6355	0.7791	0.896	1.0215																																
0.0637	0.1273	0.1643	0.2067	0.2658	0.3581	0.43	0.5283	0.6355	0.7791	0.896	1.0215																																
0.0637	0.1273	0.1643	0.2067	0.2658	0.3581	0.43	0.5283	0.6355	0.7791	0.896	1.0215																																
0.0637	0.1273	0.1643	0.2067	0.2658	0.3581	0.43	0.5283	0.6355	0.7791	0.896	1.0215																																
0.0637	0.1273	0.1643	0.2067	0.2658	0.3581	0.43	0.5283	0.6355	0.7791	0.896	1.0215																																
0.0637	0.1273	0.1643	0.2067	0.2658	0.3581	0.43	0.5283	0.6355	0.7791	0.896	1.0215																																
0.0637	0.1273	0.1643	0.2067	0.2658	0.3581	0.43	0.5283	0.6355	0.7791	0.896	1.0215																																
0.0637	0.1273	0.1643	0.2067	0.2658	0.3581	0.43	0.5283	0.6355	0.7791	0.896	1.0215																																
0.0637	0.1273	0.1643	0.2067	0.2658	0.3581	0.43	0.5283	0.6355	0.7791	0.896	1.0215																																
0.0637	0.1273	0.1643	0.2067	0.2658	0.3581	0.43	0.5283	0.6355	0.7791	0.896	1.0215																																
0.0637	0.1273	0.1643	0.2067	0.2658	0.3581	0.43	0.5283	0.6355	0.7791	0.896	1.0215																																
0.0637	0.1273	0.1643	0.2067	0.2658	0.3581	0.43	0.5283	0.6355	0.7791	0.896	1.0215																																
0.0637	0.1273	0.1643	0.2067	0.2658	0.3581	0.43	0.5283	0.6355	0.7791	0.896	1.0215																																
0.0637	0.1273	0.1643	0.2067	0.2658	0.3581	0.43	0.5283	0.6355	0.7791	0.896	1.0215																																
0.0637	0.1273	0.1643	0.2067	0.2658	0.3581	0.43	0.5283	0.6355	0.7791	0.896	1.0215																																
0.0637	0.1273	0.1643	0.2067	0.2658	0.3581	0.43	0.5283	0.6355	0.7791	0.896	1.0215																																
0.0637	0.1273	0.1643	0.2067	0.2658	0.3581	0.43	0.5283	0.6355	0.7791	0.896	1.0215																																
0.0637	0.1273	0.1643	0.2067	0.2658	0.3581	0.43	0.5283	0.6355	0.7791	0.896	1.0215																																
0.0637	0.1273	0.1643	0.2067	0.2658	0.3581	0.43	0.5283	0.6355	0.7791	0.896	1.0215																																
0.0637	0.1273	0.1643	0.2067	0.2658	0.3581	0.43	0.5283	0.6355	0.7791	0.896	1.0215																																
0.0637	0.1273	0.1643	0.2067	0.2658	0.3581	0.43	0.5283	0.6355	0.7791	0.896	1.0215																																
0.0637	0.1273	0.1643	0.2067	0.2658	0.3581	0.43	0.5283	0.6355	0.7791	0.896	1.0215																																
0.0637	0.1394	0.1602	0.1972	0.2505	0.3109	0.3963	0.5358	0.7114	0.8948	1.0657	1.2408																																
0.0637	0.0447	0.1505	0.1683	0.2116	0.2867	0.3788	0.5679	0.8141	1.0463	1.2387	1.4239																																
0.0637	0.0965	0.1213	0.1511	0.1848	0.2638	0.3505	0.4886	0.7717	1.0691	1.3082	1.4294																																
0.0637	0.1099	0.1267	0.1708	0.1979	0.2606	0.3511	0.4699	0.7693	1.0196	1.162	1.2542																																
0.0637	0.1273	0.1403	0.1586	0.2001	0.2566	0.3233	0.4608	0.6142	0.8312	1.0811	1.3713																																
0.0655	0.1288	0.1738	0.225	0.2843	0.4437	0.5253	0.6199	0.6819	0.8996	0.8058	1.0168																																
0.062	0.1431	0.1779	0.2339	0.2889	0.3635	0.4654	0.5454	0.6274	0.7111	0.9769	0.9501																																
0.0637	0.1273	0.2028	0.2457	0.2855	0.3647	0.4645	0.5919	0.6725	0.8085	1.0393	1.1187																																
0.0637	0.1273	0.1643	0.2067	0.2028	0.2457	0.2842	0.3633	0.466	0.5919	0.6725	0.8085																																
0.0637	0.1273	0.1643	0.2611	0.366	0.4138	0.4995	0.5887	0.7376	0.8719	0.9056	1.0913																																
0.0637	0.1273	0.1643	0.2067	0.3968	0.4285	0.5071	0.5991	0.6709	0.8888	1.024	1.1473																																
0.0637	0.1273	0.1643	0.2067	0.2658	0.4458	0.5234	0.5901	0.6782	0.7832	0.8679	0.9741																																
0.0637	0.1273	0.1643	0.2067	0.2658	0.3581	0.43	0.4458	0.5234	0.5901	0.6782	0.7832																																
0.0637	0.1273	0.1643	0.152	0.1702	0.3581	0.3559	0.4775	0.5728	0.6473	0.7598	0.8613																																
0.0637	0.1273	0.1643	0.2067	0.2658	0.3581	0.43	0.5868	0.6118	0.7063	0.7791	0.8813																																
0.0637	0.1273	0.1643	0.2067	0.2658	0.3581	0.43	0.5283	0.6355	0.7791	0.896	1.0215																																
0.0637	0.1273	0.1643	0.2067	0.2658	0.3581	0.43	0.5283	0.6355	0.7791	0.896	1.0215																																
0.0637	0.1273	0.1643	0.2067	0.2658	0.3581	0.43	0.5283	0.6355	0.7791	0.896	1.0215																																
#	Index	wt-age	2	Acous_N																																							
0.0381	0.0809	0.1227	0.1822	0.2487	0.3069	0.4071	0.4879	0.6355	0.7791	0.896	1.0215																																
0.0381	0.0809	0.1227	0.1822	0.2487	0.3069	0.4071	0.4879	0.6355	0.7791	0.896	1.0215																																
0.0381	0.0809	0.1227	0.1822	0.2487	0.3069	0.4071	0.4879	0.6355	0.7791	0.896	1.0215																																
0.0381	0.0809	0.1227	0.1822	0.2487	0.3069	0.4071	0.4879	0.6355	0.7791	0.896	1.0215																																
0.0381	0.0809	0.1227	0.1822	0.2487	0.3069	0.4071	0.4879	0.6355	0.7791	0.896	1.0215																																
0.0381	0.0809	0.1227	0.1822	0.2487	0.3069	0.4071	0.4879	0.6355	0.7791	0.896	1.0215																																
0.0381	0.0809	0.1227	0.1822	0.2487	0.3069	0.4071	0.4879	0.6355	0.7791	0.896	1.0215																																
0.0381	0.0809	0.1227	0.1822	0.2487	0.3069	0.4071	0.4879	0.6355	0.7791	0.896	1.0215																																
0.0381	0.0809	0.1227	0.1822	0.2487	0.3069	0.4071	0.4879	0.6355	0.7791	0.896	1.0215																																
0.0381	0.0809	0.1227	0.1822	0.2487	0.3069	0.4071	0.4879	0.6355	0.7791	0.896	1.0215																																
0.0381	0.0809	0.1227	0.1822	0.2487	0.3069	0.4071	0.4879	0.6355	0.7791	0.896	1.0215																																
0.0381	0.0809	0.1227	0.1822	0.2487	0.3069	0.4071	0.4879	0.6355	0.7791	0.896	1.0215																																
0.0381	0.0809	0.1227	0.1822	0.2487	0.3069	0.4071	0.4879	0.6355	0.7791	0.896	1.0215																																
0.0381	0.0809	0.1227	0.1822	0.2487	0.3069	0.4071	0.4879	0.6355	0.7791	0.896	1.0215																																
0.0381	0.0809	0.1227	0.1822	0.2487	0.3069	0.4071	0.4879	0.6355	0.7791	0.896	1.0215																																
0.0381	0.0809	0.1227	0.1822	0.2487	0.3069	0.4071	0.4879	0.6355	0.7791	0.896	1.0215																																
0.0381	0.0809	0.1227	0.1822	0.2487	0.3069	0.4071	0.4879	0.6355	0.7791	0.896	1.0215																																
0.0381	0.0809	0.1227	0.1822	0.2487	0.3069	0.4071	0.4879	0.6355	0.7791	0.896	1.0215																																
0.0381	0.0809	0.1227	0.1822	0.2487	0.3069	0.4071	0.4879	0.6355	0.7791	0.896	1.0215																																
0.0381	0.0809	0.1227	0.1822	0.2487	0.3069	0.4071	0.4879	0.6355	0.7791	0.896	1.0215																																
0.0381	0.0809	0.1227	0.1822	0.2487	0.3069	0.4071	0.4879	0.6355	0.7791	0.896	1.0215																																
0.0381	0.0809	0.1227	0.1822	0.2487	0.3069	0.4071	0.4879	0.6355	0.7791	0.896	1.0215																																
0.0381	0.0809	0.1227	0.1822	0.2487	0.3069	0.4071	0.4879	0.6355	0.7791	0.896	1.0215																																
0.0381	0.0809	0.1227	0.1822	0.2487	0.3069	0.4071	0.4879	0.6355	0.7791	0.896	1.0215																																
0.0381	0.0809	0.1227	0.1822	0.2487	0.3069	0.4071	0.4879	0.6355	0.7791	0.896	1.0215																																
0.0381	0.0809	0.1227	0.1822	0.2487	0.3069	0.4071	0.4879	0.6355	0.7791	0.896	1.0215																																
0.0381	0.0809	0.1227	0.1822	0.2487	0.3069	0.4071	0.4879	0.6355	0.7791	0.896	1.0215																																
0.0381	0.0809	0.1227	0.1822	0.2487	0.3069	0.4071	0.4879	0.6355	0.7791	0.896	1.0215																																
0.0381	0.0809	0.1227	0.1822	0.2487	0.3069	0.4071	0.4879	0.6355	0.7791	0.896	1.0215																																
0.0381	0.0809	0.1227	0.1822	0.2487	0.3069	0.4071	0.4879	0.6355	0.7791	0.896	1.0215																																
0.0381	0.0809	0.1227	0.1822	0.2487	0.3069	0.4071	0.4879	0.6355	0.7791	0.896	1.0215																																
0.0381	0.0809	0.1227	0.1822	0.2487	0.3069	0.4071	0.4879	0.6355	0.7791	0.896	1.0215																																
0.0381	0.0809	0.1227	0.1822	0.2487	0.3069	0.4071	0.4879	0.6355	0.7791	0.896	1.0215																																
0.0381	0.0809	0.1227	0.1822	0.2487	0.3069	0.4071	0.4879	0.6355	0.7791	0.896	1.0215																																
0.0381	0.0809	0.1227	0.1822	0.2487	0.3069	0.4071	0.4879	0.6355	0.7791	0.896	1.0215																																
0.0381	0.0809	0.1227	0.1822	0.2487	0.3069	0.4071	0.4879	0.6355	0.7791	0.896	1.0215																																
0.0386	0.0923	0.1398	0.1824	0.2357	0.3069	0.4071	0.4879	0.6355	0.7791	0.896	1.0215																																
0.0572	0.1054	0.1518	0.206	0.2255	0.3094	0.3617	0.4879	0.6355	0.7791	0.896	1.0215																																
0.0506	0.0699	0.0752	0.099	0.2399	0.2795	0.4075	0.4879	0.6355	0.7791	0.896	1.0215																																
0.0381	0.1057	0.1446	0.2026	0.2813	0.3201	0.453	0.4879	0.6355	0.7791	0.896	1.0215																																
0.0381	0.048	0.1426	0.173	0.2356	0.2854	0.3954	0.4879	0.6355	0.7791	0.896	1.0215																																
0.0381	0.0747	0.1101	0.1796	0.224	0.301	0.3378	0.4879	0.6355	0.7791	0.896	1.0215																																
0.006	0.07	0.095	0.233	0.299	0.346	0.487	0.4879	0.6355	0.7791	0.896	1.0215																																
0.02119	0.02813	0.1337	0.20195	0.30217	0.42805	0.51715	0.56597	0.63551	0.77912	0.89601	1.02151																																	
0.03195	0.04462	0.10379	0.16698	0.33186	0.63016	0.6323	0.48788	0.63551	0.77912	0.89601	1.02151																																	
#	Index	wt-age	3	Chile_CPUE																																							
0.052	0.093	0.131	0.178	0.262	0.294	0.34	0.396	0.549	0.738	0.984	1.093																																
0.052	0.093	0.131	0.178	0.262	0.294	0.34	0.396	0.549	0.738	0.984	1.093																																
0.052	0.093	0.131	0.178	0.262	0.294	0.34	0.396	0.549	0.738	0.984	1.093																																
0.052	0.093	0.131	0.178	0.262	0.294	0.34	0.396	0.549	0.738	0.984	1.093																																
0.052	0.093	0.131	0.178	0.262	0.294	0.34	0.396	0.549	0.738	0.984	1.093																																
0.052	0.093	0.131	0.178	0.262	0.294	0.34	0.396	0.549	0.738	0.984	1.093																																
0.052	0.078	0.155	0.214	0.275	0.336	0.394	0.472	0.632	0.714	0.898	1.538																																
0.055	0.092	0.109	0.236	0.275	0.314	0.375	0.456	0.521	0.732	0.651	1.137																																
0.052	0.084	0.104	0.147	0.211	0.327	0.394	0.449	0.514	0.583	0.631	1.538																																
0.052	0.108	0.16	0.199	0.241	0.301	0.388	0.466	0.588	0.871	1.265	1.972																																
0.026	0.06	0.132	0.231	0.272	0.35	0.447	0.519	0.716	0.82	1.073	1.854																																
0.052	0.095	0.149	0.242	0.294	0.34	0.407	0.503	0.637	0.765	1.184	1.9																																
0.055	0.085	0.166	0.207	0.269	0.323	0.378	0.472	0.536	0.644	0.987	1.185																																
0.07	0.099	0.122	0.23	0.273	0.32	0.374	0.461	0.596	0.709	1.196	1.769																																
0.035	0.135	0.154	0.185	0.266	0.33	0.383	0.449	0.577	0.685	1.012	1.846																																
0.058	0.148	0.181	0.223	0.27	0.339	0.398	0.473	0.573	0.796	1.376	1.647																																
0.073	0.075	0.172	0.247	0.286	0.346	0.427	0.518	0.64	0.844	1.351	2.11																																
0.076	0.117	0.14	0.191	0.27	0.357	0.434	0.503	0.577	0.689	1.089	1.979																																
0.1	0.124	0.159	0.197	0.233	0.342	0.444	0.512	0.588	0.75	1.012	1.372																																
0.052	0.103	0.22	0.241	0.278	0.339	0.467	0.585	0.702	0.779	0.88	1.538																																
0.064	0.091	0.153	0.264	0.309	0.373	0.461	0.582	0.694	0.835	0.97	1.598																																
0.037	0.106	0.132	0.186	0.271	0.381	0.451	0.542	0.667	0.787	0.901	1.053																																
0.063	0.083	0.118	0.177	0.239	0.275	0.409	0.524	0.594	0.709	0.851	1.046																																
0.011	0.089	0.121	0.181	0.246	0.32	0.408	0.579	0.719	0.853	0.965	1.174																																
0.041	0.084	0.112	0.224	0.27	0.336	0.462	0.643	0.808	0.868	1.058	1.421																																
0.07	0.098	0.145	0.192	0.27	0.34	0.429	0.577	0.807	0.965	1.115	1.367																																
0.061	0.092	0.151	0.191	0.28	0.352	0.524	0.683	0.945	1.216	1.426	1.477																																
0.104	0.106	0.146	0.201	0.26	0.355	0.495	0.683	0.884	1.088	1.467	1.647																																
0.084	0.128	0.138	0.178	0.248	0.34	0.545	0.806	1.035	1.246	1.412	1.655																																
0.09	0.109	0.134	0.174	0.25	0.331	0.465	0.742	1.021	1.258	1.376	1.776																																
0.043	0.064	0.163	0.196	0.255	0.346	0.466	0.756	0.999	1.141	1.228	1.563																																
0.066	0.098	0.122	0.179	0.258	0.325	0.461	0.614	0.828	1.074	1.36	1.671																																
0.031	0.074	0.13	0.2	0.257	0.329	0.445	0.645	0.883	1.102	1.321	1.649																																
0.036	0.086	0.117	0.186	0.245	0.307	0.4	0.564	0.768	1.005	1.209	1.537																																
0.034	0.08	0.158	0.193	0.247	0.307	0.387	0.528	0.7	0.897	1.087	1.541																																
0.029	0.075	0.113	0.196	0.259	0.318	0.399	0.517	0.641	0.767	0.918	1.296																																
0.033	0.076	0.116	0.141	0.261	0.35	0.419	0.516	0.631	0.752	0.924	1.263																																
0.086	0.074	0.121	0.172	0.226	0.331	0.431	0.51	0.621	0.756	0.903	1.177																																
0.036	0.048	0.069	0.186	0.254	0.312	0.416	0.515	0.605	0.719	0.861	1.148																																
0.014	0.045	0.109	0.142	0.253	0.33	0.411	0.532	0.625	0.764	0.886	1.144																																
0.014	0.052	0.101	0.175	0.237	0.313	0.415	0.539	0.649	0.787	0.964	1.473																																
0.019	0.067	0.101	0.19	0.287	0.353	0.466	0.613	0.774	0.923	1.173	1.514																																
0.007	0.014	0.082	0.202	0.264	0.353	0.476	0.558	0.711	0.912	1.146	1.6																																
0.052	0.125	0.268	0.263	0.31	0.362	0.431	0.507	0.678	0.726	0.936	1.143																																
0.052	0.093	0.131	0.178	0.262	0.294	0.34	0.396	0.549	0.738	0.984	1.093																																	
#	Index	wt-age	4	DEPM																																							
0.052	0.093	0.131	0.178	0.262	0.294	0.34	0.396	0.549	0.738	0.984	1.093																																
0.052	0.093	0.131	0.178	0.262	0.294	0.34	0.396	0.549	0.738	0.984	1.093																																
0.052	0.093	0.131	0.178	0.262	0.294	0.34	0.396	0.549	0.738	0.984	1.093																																
0.052	0.093	0.131	0.178	0.262	0.294	0.34	0.396	0.549	0.738	0.984	1.093																																
0.052	0.093	0.131	0.178	0.262	0.294	0.34	0.396	0.549	0.738	0.984	1.093																																
0.052	0.093	0.131	0.178	0.262	0.294	0.34	0.396	0.549	0.738	0.984	1.093																																
0.052	0.078	0.155	0.214	0.275	0.336	0.394	0.472	0.632	0.714	0.898	1.538																																
0.0547	0.092	0.109	0.236	0.275	0.314	0.375	0.456	0.521	0.732	0.651	1.137																																
0.052	0.084	0.104	0.147	0.211	0.327	0.394	0.449	0.514	0.583	0.631	1.538																																
0.052	0.108	0.16	0.199	0.241	0.301	0.388	0.466	0.588	0.871	1.265	1.972																																
0.0257	0.06	0.132	0.231	0.272	0.35	0.447	0.519	0.716	0.82	1.073	1.854																																
0.052	0.095	0.149	0.242	0.294	0.34	0.407	0.503	0.637	0.765	1.184	1.9																																
0.0552	0.085	0.166	0.207	0.269	0.323	0.378	0.472	0.536	0.644	0.987	1.185																																
0.0704	0.099	0.122	0.23	0.273	0.32	0.374	0.461	0.596	0.709	1.196	1.769																																
0.0346	0.135	0.154	0.185	0.266	0.33	0.383	0.449	0.577	0.685	1.012	1.846																																
0.0575	0.148	0.181	0.223	0.27	0.339	0.398	0.473	0.573	0.796	1.376	1.647																																
0.0727	0.075	0.172	0.247	0.286	0.346	0.427	0.518	0.64	0.844	1.351	2.11																																
0.076	0.117	0.14	0.191	0.27	0.357	0.434	0.503	0.577	0.689	1.089	1.979																																
0.1003	0.124	0.159	0.197	0.233	0.342	0.444	0.512	0.588	0.75	1.012	1.372																																
0.052	0.103	0.22	0.241	0.278	0.339	0.467	0.585	0.702	0.779	0.88	1.538																																
0.0644	0.091	0.153	0.264	0.309	0.373	0.461	0.582	0.694	0.835	0.97	1.598																																
0.0372	0.106	0.132	0.186	0.271	0.381	0.451	0.542	0.667	0.787	0.901	1.053																																
0.0626	0.083	0.118	0.177	0.239	0.275	0.409	0.524	0.594	0.709	0.851	1.046																																
0.011	0.089	0.121	0.181	0.246	0.32	0.408	0.579	0.719	0.853	0.965	1.174																																
0.0412	0.084	0.112	0.224	0.27	0.336	0.462	0.643	0.808	0.868	1.058	1.421																																
0.07	0.098	0.145	0.192	0.27	0.34	0.429	0.577	0.807	0.965	1.115	1.367																																
0.0612	0.092	0.151	0.191	0.28	0.352	0.524	0.683	0.945	1.216	1.426	1.477																																
0.1044	0.106	0.146	0.201	0.26	0.355	0.495	0.683	0.884	1.088	1.467	1.647																																
0.0841	0.128	0.138	0.178	0.248	0.34	0.545	0.806	1.035	1.246	1.412	1.655																																
0.0895	0.109	0.134	0.174	0.25	0.331	0.465	0.742	1.021	1.258	1.376	1.776																																
0.0426	0.064	0.163	0.196	0.255	0.346	0.466	0.756	0.999	1.141	1.228	1.563																																
0.0656	0.098	0.122	0.179	0.258	0.325	0.461	0.614	0.828	1.074	1.36	1.671																																
0.0309	0.074	0.13	0.2	0.257	0.329	0.445	0.645	0.883	1.102	1.321	1.649																																
0.0358	0.086	0.117	0.186	0.245	0.307	0.4	0.564	0.768	1.005	1.209	1.537																																
0.0341	0.08	0.158	0.193	0.247	0.307	0.387	0.528	0.7	0.897	1.087	1.541																																
0.0291	0.075	0.113	0.196	0.259	0.318	0.399	0.517	0.641	0.767	0.918	1.296																																
0.0328	0.076	0.116	0.141	0.261	0.35	0.419	0.516	0.631	0.752	0.924	1.263																																
0.0863	0.074	0.121	0.172	0.226	0.331	0.431	0.51	0.621	0.756	0.903	1.177																																
0.0358	0.0483	0.0688	0.1858	0.2538	0.3124	0.4156	0.5152	0.6053	0.7192	0.8613	1.148																																
0.0138	0.0453	0.109	0.1423	0.253	0.3299	0.4112	0.5316	0.625	0.7643	0.886	1.144																																
0.0138	0.0521	0.1013	0.1747	0.2365	0.3133	0.4149	0.5386	0.6488	0.7873	0.9635	1.473																																
0.0193	0.0667	0.1006	0.1901	0.2872	0.3532	0.4664	0.613	0.7735	0.9226	1.1733	1.514																																
0.0073	0.014	0.0815	0.2018	0.2635	0.3528	0.4758	0.5579	0.7105	0.9117	1.1462	1.6																																
0.052	0.125403347	0.268198202	0.263141229	0.30995917	0.361982471	0.431083744	0.506825583	0.678318012	0.725664166	0.935555537	1.142647078																																
0.052	0.093	0.131	0.178	0.262	0.294	0.34	0.396	0.549	0.738	0.984	1.093																																	
#	Index	wt-age	7	Chinese_CPUE																																							
0.052	0.093	0.131	0.178	0.262	0.294	0.34	0.396	0.549	0.738	0.984	1.093																																
0.052	0.093	0.131	0.178	0.262	0.294	0.34	0.396	0.549	0.738	0.984	1.093																																
0.052	0.093	0.131	0.178	0.262	0.294	0.34	0.396	0.549	0.738	0.984	1.093																																
0.052	0.093	0.131	0.178	0.262	0.294	0.34	0.396	0.549	0.738	0.984	1.093																																
0.052	0.093	0.131	0.178	0.262	0.294	0.34	0.396	0.549	0.738	0.984	1.093																																
0.052	0.093	0.131	0.178	0.262	0.294	0.34	0.396	0.549	0.738	0.984	1.093																																
0.052	0.078	0.155	0.214	0.275	0.336	0.394	0.472	0.632	0.714	0.898	1.538																																
0.0547	0.092	0.109	0.236	0.275	0.314	0.375	0.456	0.521	0.732	0.651	1.137																																
0.052	0.084	0.104	0.147	0.211	0.327	0.394	0.449	0.514	0.583	0.631	1.538																																
0.052	0.108	0.16	0.199	0.241	0.301	0.388	0.466	0.588	0.871	1.265	1.972																																
0.0257	0.06	0.132	0.231	0.272	0.35	0.447	0.519	0.716	0.82	1.073	1.854																																
0.052	0.095	0.149	0.242	0.294	0.34	0.407	0.503	0.637	0.765	1.184	1.9																																
0.0552	0.085	0.166	0.207	0.269	0.323	0.378	0.472	0.536	0.644	0.987	1.185																																
0.0704	0.099	0.122	0.23	0.273	0.32	0.374	0.461	0.596	0.709	1.196	1.769																																
0.0346	0.135	0.154	0.185	0.266	0.33	0.383	0.449	0.577	0.685	1.012	1.846																																
0.0575	0.148	0.181	0.223	0.27	0.339	0.398	0.473	0.573	0.796	1.376	1.647																																
0.0727	0.075	0.172	0.247	0.286	0.346	0.427	0.518	0.64	0.844	1.351	2.11																																
0.076	0.117	0.14	0.191	0.27	0.357	0.434	0.503	0.577	0.689	1.089	1.979																																
0.1003	0.124	0.159	0.197	0.233	0.342	0.444	0.512	0.588	0.75	1.012	1.372																																
0.052	0.103	0.22	0.241	0.278	0.339	0.467	0.585	0.702	0.779	0.88	1.538																																
0.0644	0.091	0.153	0.264	0.309	0.373	0.461	0.582	0.694	0.835	0.97	1.598																																
0.0372	0.106	0.132	0.186	0.271	0.381	0.451	0.542	0.667	0.787	0.901	1.053																																
0.0626	0.083	0.118	0.177	0.239	0.275	0.409	0.524	0.594	0.709	0.851	1.046																																
0.011	0.089	0.121	0.181	0.246	0.32	0.408	0.579	0.719	0.853	0.965	1.174																																
0.0412	0.084	0.112	0.224	0.27	0.336	0.462	0.643	0.808	0.868	1.058	1.421																																
0.07	0.098	0.145	0.192	0.27	0.34	0.429	0.577	0.807	0.965	1.115	1.367																																
0.0612	0.092	0.151	0.191	0.28	0.352	0.524	0.683	0.945	1.216	1.426	1.477																																
0.1044	0.106	0.146	0.201	0.26	0.355	0.495	0.683	0.884	1.088	1.467	1.647																																
0.0841	0.128	0.138	0.178	0.248	0.34	0.545	0.806	1.035	1.246	1.412	1.655																																
0.0895	0.109	0.134	0.174	0.25	0.331	0.465	0.742	1.021	1.258	1.376	1.776																																
0.0426	0.064	0.163	0.196	0.255	0.346	0.466	0.756	0.999	1.141	1.228	1.563																																
0.0656	0.098	0.122	0.179	0.258	0.325	0.461	0.614	0.828	1.074	1.36	1.671																																
0.0309	0.074	0.13	0.2	0.257	0.329	0.445	0.645	0.883	1.102	1.321	1.649																																
0.0358	0.086	0.117	0.186	0.245	0.307	0.4	0.564	0.768	1.005	1.209	1.537																																
0.0341	0.08	0.158	0.193	0.247	0.307	0.387	0.528	0.7	0.897	1.087	1.541																																
0.0291	0.075	0.113	0.196	0.259	0.318	0.399	0.517	0.641	0.767	0.918	1.296																																
0.0328	0.076	0.116	0.141	0.261	0.35	0.419	0.516	0.631	0.752	0.924	1.263																																
0.0863	0.074	0.121	0.172	0.226	0.331	0.431	0.51	0.621	0.756	0.903	1.177																																
0.0358	0.0483	0.0688	0.1858	0.2538	0.3124	0.4156	0.5152	0.6053	0.7192	0.8613	1.148																																
0.0138	0.0453	0.109	0.1423	0.253	0.3299	0.4112	0.5316	0.625	0.7643	0.886	1.144																																
0.0138	0.0521	0.1013	0.1747	0.2365	0.3133	0.4149	0.5386	0.6488	0.7873	0.9635	1.473																																
0.0193	0.0667	0.1006	0.1901	0.2872	0.3532	0.4664	0.613	0.7735	0.9226	1.1733	1.514																																
0.0073	0.014	0.0815	0.2018	0.2635	0.3528	0.4758	0.5579	0.7105	0.9117	1.1462	1.6																																
0.052	0.125403347	0.268198202	0.263141229	0.30995917	0.361982471	0.431083744	0.506825583	0.678318012	0.725664166	0.935555537	1.142647078																																
0.052	0.093	0.131	0.178	0.262	0.294	0.34	0.396	0.549	0.738	0.984	1.093																																	
#	Index	wt-age	8	EU_CPUE																																							
0.052	0.093	0.131	0.178	0.262	0.294	0.34	0.396	0.549	0.738	0.984	1.093																																
0.052	0.093	0.131	0.178	0.262	0.294	0.34	0.396	0.549	0.738	0.984	1.093																																
0.052	0.093	0.131	0.178	0.262	0.294	0.34	0.396	0.549	0.738	0.984	1.093																																
0.052	0.093	0.131	0.178	0.262	0.294	0.34	0.396	0.549	0.738	0.984	1.093																																
0.052	0.093	0.131	0.178	0.262	0.294	0.34	0.396	0.549	0.738	0.984	1.093																																
0.052	0.093	0.131	0.178	0.262	0.294	0.34	0.396	0.549	0.738	0.984	1.093																																
0.052	0.078	0.155	0.214	0.275	0.336	0.394	0.472	0.632	0.714	0.898	1.538																																
0.0547	0.092	0.109	0.236	0.275	0.314	0.375	0.456	0.521	0.732	0.651	1.137																																
0.052	0.084	0.104	0.147	0.211	0.327	0.394	0.449	0.514	0.583	0.631	1.538																																
0.052	0.108	0.16	0.199	0.241	0.301	0.388	0.466	0.588	0.871	1.265	1.972																																
0.0257	0.06	0.132	0.231	0.272	0.35	0.447	0.519	0.716	0.82	1.073	1.854																																
0.052	0.095	0.149	0.242	0.294	0.34	0.407	0.503	0.637	0.765	1.184	1.9																																
0.0552	0.085	0.166	0.207	0.269	0.323	0.378	0.472	0.536	0.644	0.987	1.185																																
0.0704	0.099	0.122	0.23	0.273	0.32	0.374	0.461	0.596	0.709	1.196	1.769																																
0.0346	0.135	0.154	0.185	0.266	0.33	0.383	0.449	0.577	0.685	1.012	1.846																																
0.0575	0.148	0.181	0.223	0.27	0.339	0.398	0.473	0.573	0.796	1.376	1.647																																
0.0727	0.075	0.172	0.247	0.286	0.346	0.427	0.518	0.64	0.844	1.351	2.11																																
0.076	0.117	0.14	0.191	0.27	0.357	0.434	0.503	0.577	0.689	1.089	1.979																																
0.1003	0.124	0.159	0.197	0.233	0.342	0.444	0.512	0.588	0.75	1.012	1.372																																
0.052	0.103	0.22	0.241	0.278	0.339	0.467	0.585	0.702	0.779	0.88	1.538																																
0.0644	0.091	0.153	0.264	0.309	0.373	0.461	0.582	0.694	0.835	0.97	1.598																																
0.0372	0.106	0.132	0.186	0.271	0.381	0.451	0.542	0.667	0.787	0.901	1.053																																
0.0626	0.083	0.118	0.177	0.239	0.275	0.409	0.524	0.594	0.709	0.851	1.046																																
0.011	0.089	0.121	0.181	0.246	0.32	0.408	0.579	0.719	0.853	0.965	1.174																																
0.0412	0.084	0.112	0.224	0.27	0.336	0.462	0.643	0.808	0.868	1.058	1.421																																
0.07	0.098	0.145	0.192	0.27	0.34	0.429	0.577	0.807	0.965	1.115	1.367																																
0.0612	0.092	0.151	0.191	0.28	0.352	0.524	0.683	0.945	1.216	1.426	1.477																																
0.1044	0.106	0.146	0.201	0.26	0.355	0.495	0.683	0.884	1.088	1.467	1.647																																
0.0841	0.128	0.138	0.178	0.248	0.34	0.545	0.806	1.035	1.246	1.412	1.655																																
0.0895	0.109	0.134	0.174	0.25	0.331	0.465	0.742	1.021	1.258	1.376	1.776																																
0.0426	0.064	0.163	0.196	0.255	0.346	0.466	0.756	0.999	1.141	1.228	1.563																																
0.0656	0.098	0.122	0.179	0.258	0.325	0.461	0.614	0.828	1.074	1.36	1.671																																
0.0309	0.074	0.13	0.2	0.257	0.329	0.445	0.645	0.883	1.102	1.321	1.649																																
0.0358	0.086	0.117	0.186	0.245	0.307	0.4	0.564	0.768	1.005	1.209	1.537																																
0.0341	0.08	0.158	0.193	0.247	0.307	0.387	0.528	0.7	0.897	1.087	1.541																																
0.0291	0.075	0.113	0.196	0.259	0.318	0.399	0.517	0.641	0.767	0.918	1.296																																
0.0328	0.076	0.116	0.141	0.261	0.35	0.419	0.516	0.631	0.752	0.924	1.263																																
0.0863	0.074	0.121	0.172	0.226	0.331	0.431	0.51	0.621	0.756	0.903	1.177																																
0.0358	0.0483	0.0688	0.1858	0.2538	0.3124	0.4156	0.5152	0.6053	0.7192	0.8613	1.148																																
0.0138	0.0453	0.109	0.1423	0.253	0.3299	0.4112	0.5316	0.625	0.7643	0.886	1.144																																
0.0138	0.0521	0.1013	0.1747	0.2365	0.3133	0.4149	0.5386	0.6488	0.7873	0.9635	1.473																																
0.0193	0.0667	0.1006	0.1901	0.2872	0.3532	0.4664	0.613	0.7735	0.9226	1.1733	1.514																																
0.0073	0.014	0.0815	0.2018	0.2635	0.3528	0.4758	0.5579	0.7105	0.9117	1.1462	1.6																																
0.052	0.125403347	0.268198202	0.263141229	0.30995917	0.361982471	0.431083744	0.506825583	0.678318012	0.725664166	0.935555537	1.142647078																																
0.052	0.093	0.131	0.178	0.262	0.294	0.34	0.396	0.549	0.738	0.984	1.093																																	
#	Index	wt-age	9	USSR_CPUE																																							
0.052	0.093	0.131	0.178	0.262	0.294	0.34	0.396	0.549	0.738	0.984	1.093																																
0.052	0.093	0.131	0.178	0.262	0.294	0.34	0.396	0.549	0.738	0.984	1.093																																
0.052	0.093	0.131	0.178	0.262	0.294	0.34	0.396	0.549	0.738	0.984	1.093																																
0.052	0.093	0.131	0.178	0.262	0.294	0.34	0.396	0.549	0.738	0.984	1.093																																
0.052	0.093	0.131	0.178	0.262	0.294	0.34	0.396	0.549	0.738	0.984	1.093																																
0.052	0.093	0.131	0.178	0.262	0.294	0.34	0.396	0.549	0.738	0.984	1.093																																
0.052	0.078	0.155	0.214	0.275	0.336	0.394	0.472	0.632	0.714	0.898	1.538																																
0.0547	0.092	0.109	0.236	0.275	0.314	0.375	0.456	0.521	0.732	0.651	1.137																																
0.052	0.084	0.104	0.147	0.211	0.327	0.394	0.449	0.514	0.583	0.631	1.538																																
0.052	0.108	0.16	0.199	0.241	0.301	0.388	0.466	0.588	0.871	1.265	1.972																																
0.0257	0.06	0.132	0.231	0.272	0.35	0.447	0.519	0.716	0.82	1.073	1.854																																
0.052	0.095	0.149	0.242	0.294	0.34	0.407	0.503	0.637	0.765	1.184	1.9																																
0.0552	0.085	0.166	0.207	0.269	0.323	0.378	0.472	0.536	0.644	0.987	1.185																																
0.0704	0.099	0.122	0.23	0.273	0.32	0.374	0.461	0.596	0.709	1.196	1.769																																
0.0346	0.135	0.154	0.185	0.266	0.33	0.383	0.449	0.577	0.685	1.012	1.846																																
0.0575	0.148	0.181	0.223	0.27	0.339	0.398	0.473	0.573	0.796	1.376	1.647																																
0.0727	0.075	0.172	0.247	0.286	0.346	0.427	0.518	0.64	0.844	1.351	2.11																																
0.076	0.117	0.14	0.191	0.27	0.357	0.434	0.503	0.577	0.689	1.089	1.979																																
0.1003	0.124	0.159	0.197	0.233	0.342	0.444	0.512	0.588	0.75	1.012	1.372																																
0.052	0.103	0.22	0.241	0.278	0.339	0.467	0.585	0.702	0.779	0.88	1.538																																
0.0644	0.091	0.153	0.264	0.309	0.373	0.461	0.582	0.694	0.835	0.97	1.598																																
0.0372	0.106	0.132	0.186	0.271	0.381	0.451	0.542	0.667	0.787	0.901	1.053																																
0.0626	0.083	0.118	0.177	0.239	0.275	0.409	0.524	0.594	0.709	0.851	1.046																																
0.011	0.089	0.121	0.181	0.246	0.32	0.408	0.579	0.719	0.853	0.965	1.174																																
0.0412	0.084	0.112	0.224	0.27	0.336	0.462	0.643	0.808	0.868	1.058	1.421																																
0.07	0.098	0.145	0.192	0.27	0.34	0.429	0.577	0.807	0.965	1.115	1.367																																
0.0612	0.092	0.151	0.191	0.28	0.352	0.524	0.683	0.945	1.216	1.426	1.477																																
0.1044	0.106	0.146	0.201	0.26	0.355	0.495	0.683	0.884	1.088	1.467	1.647																																
0.0841	0.128	0.138	0.178	0.248	0.34	0.545	0.806	1.035	1.246	1.412	1.655																																
0.0895	0.109	0.134	0.174	0.25	0.331	0.465	0.742	1.021	1.258	1.376	1.776																																
0.0426	0.064	0.163	0.196	0.255	0.346	0.466	0.756	0.999	1.141	1.228	1.563																																
0.0656	0.098	0.122	0.179	0.258	0.325	0.461	0.614	0.828	1.074	1.36	1.671																																
0.0309	0.074	0.13	0.2	0.257	0.329	0.445	0.645	0.883	1.102	1.321	1.649																																
0.0358	0.086	0.117	0.186	0.245	0.307	0.4	0.564	0.768	1.005	1.209	1.537																																
0.0341	0.08	0.158	0.193	0.247	0.307	0.387	0.528	0.7	0.897	1.087	1.541																																
0.0291	0.075	0.113	0.196	0.259	0.318	0.399	0.517	0.641	0.767	0.918	1.296																																
0.0328	0.076	0.116	0.141	0.261	0.35	0.419	0.516	0.631	0.752	0.924	1.263																																
0.0863	0.074	0.121	0.172	0.226	0.331	0.431	0.51	0.621	0.756	0.903	1.177	#	it	corresponds	to	average																											
0.0358	0.0483	0.0688	0.1858	0.2538	0.3124	0.4156	0.5152	0.6053	0.7192	0.8613	1.148																																
0.0138	0.0453	0.109	0.1423	0.253	0.3299	0.4112	0.5316	0.625	0.7643	0.886	1.144																																
0.0138	0.0521	0.1013	0.1747	0.2365	0.3133	0.4149	0.5386	0.6488	0.7873	0.9635	1.473																																
0.0193	0.0667	0.1006	0.1901	0.2872	0.3532	0.4664	0.613	0.7735	0.9226	1.1733	1.514																																
0.0073	0.014	0.0815	0.2018	0.2635	0.3528	0.4758	0.5579	0.7105	0.9117	1.1462	1.6																																
0.052	0.125403347	0.268198202	0.263141229	0.30995917	0.361982471	0.431083744	0.506825583	0.678318012	0.725664166	0.935555537	1.142647078																																
0.052	0.093	0.131	0.178	0.262	0.294	0.34	0.396	0.549	0.738	0.984	1.093																																	
#Population	Weight	at	Age	1000																																							
0.051	0.0884	0.134	0.195	0.2612	0.328	0.4184	0.5344	0.6814	0.8426	1.0705	1.4589																																
#Maturity	at	Age	6	7	8	9	10	11	12																																		
0.072426485	0.312168669	0.725119498	0.938773837	0.988903862	0.998073265	0.999667986	0.999942863	0.999990169	0.999998309	0.999999709	0.99999995																																
#Month	of	Spawning																																									
10.5																																											
#Ageing	error																																										
1	0	0	0	0	0	0	0	0	0	0	0																																
0	0.7625	0.2215	0.0159	0.0002	0	0	0	0	0	0	0																																
0	0.244	0.5117	0.2253	0.0185	0.0003	0	0	0	0	0	0																																
0	0.0217	0.229	0.4991	0.2287	0.0213	0.0004	0	0	0	0	0																																
0	0.0005	0.0243	0.232	0.487	0.2316	0.0243	0.0005	0	0	0	0																																
0	0	0.0007	0.0274	0.234	0.4755	0.2341	0.0274	0.0007	0	0	0																																
0	0	0	0.001	0.0306	0.236	0.4644	0.2362	0.0306	0.001	0	0																																
0	0	0	0	0.0013	0.0338	0.238	0.4538	0.238	0.0338	0.0013	0																																
0	0	0	0	0	0.0016	0.0372	0.2394	0.4436	0.2394	0.0372	0.0016																																
0	0	0	0	0	0	0.002	0.0405	0.2405	0.4339	0.2405	0.0426																																
0	0	0	0	0	0	0	0.0025	0.0439	0.2413	0.4245	0.2877																																
0	0	0	0	0	0	0	0.0001	0.0031	0.0473	0.2418	0.7078																																
